,Id,MSSubClass,LotFrontage,LotArea,OverallQual,OverallCond,YearBuilt,YearRemodAdd,MasVnrArea,BsmtFinSF1,BsmtFinSF2,BsmtUnfSF,TotalBsmtSF,1stFlrSF,2ndFlrSF,LowQualFinSF,GrLivArea,BsmtFullBath,BsmtHalfBath,FullBath,HalfBath,BedroomAbvGr,KitchenAbvGr,TotRmsAbvGrd,Fireplaces,GarageYrBlt,GarageCars,GarageArea,WoodDeckSF,OpenPorchSF,EnclosedPorch,3SsnPorch,ScreenPorch,PoolArea,MiscVal,MoSold,YrSold
Id,1.0,0.01176571859101283,-0.00012143411530484257,-0.04758535850301171,-0.02942133008608703,0.025171055033824382,-0.01181690020464861,-0.022538636468742435,-0.07110546257731835,-0.02015242754695503,-0.02160232661104801,0.005488343874856005,-0.023330169119453445,0.009984859833558062,0.013087385918357845,-0.04912644806541633,0.013474606846902132,-0.037013925587450945,-0.02507355611155725,0.01813143391810079,0.015117198154508633,0.05544114637867295,-0.0022081105371968206,0.03921300058378806,-0.029269987883157586,-0.0034432429387812047,0.0023988324905479604,-0.0026868637043835335,-0.042866831956717574,0.012769256905381918,-0.02340572052351538,-0.04002090819801472,0.006626198250635113,0.06199452695760631,-0.0035237631553040735,0.03048185442861907,-0.012303208401186401
MSSubClass,0.01176571859101283,1.0,-0.3982170383945038,-0.13855137894875214,0.04480452280367279,-0.03725372260279013,0.037599313941570074,0.06090721491357715,0.025475481088253482,-0.07604583515845219,-0.08182143367642154,-0.12773493958386498,-0.23628356733217853,-0.2453404766700747,0.3137975786306204,0.054783732792734435,0.08209143840032282,-0.009224019773560417,-0.008165517062018752,0.1474878055583317,0.19493364589151413,-0.023899081591039747,0.2824812925990053,0.04528395718196167,-0.04490614036078853,0.10389414663901013,-0.035043021987519456,-0.10466632558226063,-0.012814445590253196,-0.0016442534929083624,0.007107251534259168,-0.049995015121114136,-0.033950103488474326,0.009411335999319528,-0.02002440256268079,-0.006949688788138979,-0.02839643655484547
LotFrontage,-0.00012143411530484257,-0.3982170383945038,1.0,0.4102056250387238,0.2368524200581467,-0.07590741214980347,0.10943827956588716,0.07504556540962114,0.1798125350348591,0.23691939932966324,0.06705763552229699,0.12911650523484025,0.39526247769983897,0.4638216279305909,0.06322216428719118,0.05688507769784927,0.3965802606681481,0.12694952781035507,-0.020274481108023983,0.17836755599364157,0.027950437817433536,0.26406842639385375,0.003166216671694549,0.3472138033519728,0.2600130435283713,0.06581396572990633,0.26714941142526977,0.33239654124628953,0.09334111327713636,0.12934722498990592,0.014767473685901382,0.07749091769309477,0.021083051365312726,0.22346823092370638,0.004097841552038419,0.006502239732866444,0.02682984814243315
LotArea,-0.04758535850301171,-0.13855137894875214,0.4102056250387238,1.0,0.10910098708070436,-0.0027464786108224574,0.00846190474129475,0.013406541877741214,0.10687368676401952,0.21296381093013317,0.12068159477494328,9.772384233185024e-05,0.26503613549667265,0.2942550480988217,0.05123718925721641,0.0077541263834721786,0.2601044241011613,0.1675791362139928,0.05132672440176098,0.13211303488248,0.006150457328027845,0.12020233100303943,-0.009298309044234562,0.18943036348407635,0.2744749237863154,-0.031387425428304715,0.14195050309440602,0.16626218136350648,0.17115372078161756,0.07429931744816161,-0.013684324963710522,0.01741058088666138,0.04199676638712406,0.08025364175182084,0.043016590054123754,0.006410777086423395,-0.014759992807579628
OverallQual,-0.02942133008608703,0.04480452280367279,0.2368524200581467,0.10910098708070436,1.0,-0.11174336110042826,0.5628302080727475,0.550709703463525,0.4035053939545227,0.25001853559017106,-0.05980952376802053,0.2929905089030959,0.5294802626304431,0.47350261397430116,0.2918719633505378,-0.02467203310983214,0.5872270861076264,0.14552708406440598,-0.0395950122562063,0.539853968780325,0.27423137046122853,0.05866228926094486,-0.1836876605447861,0.4187685232918885,0.41489763657176654,0.5508280150913963,0.6072019899917169,0.5740930240630947,0.24691571417724584,0.3258883022899965,-0.12437147659360932,0.02557273050037981,0.07082879492264844,0.07152149562979115,-0.03174830814894508,0.07034734469719056,-0.012424440987563035
OverallCond,0.025171055033824382,-0.03725372260279013,-0.07590741214980347,-0.0027464786108224574,-0.11174336110042826,1.0,-0.4081622920525578,0.05827334496318971,-0.13745250624142896,-0.04549972906350683,0.03955698049103488,-0.1538366065351686,-0.1861429405253176,-0.1677414857977785,0.04541212211412145,0.032895679382365976,-0.08337822690258416,-0.03718197133100492,0.10504843084196408,-0.21244548999318585,-0.05215855682198595,0.011151580239616451,-0.06880692447285498,-0.05640685936322918,-0.0255886975898445,-0.3284846420005412,-0.19844069506418135,-0.16285045359988093,0.0049649670484487205,-0.013251554928770384,0.07005236718059889,0.005167708801353741,0.05811744826870702,-0.003666671548543887,0.07412156675123142,-0.014942648902686904,0.05177282889454519
YearBuilt,-0.01181690020464861,0.037599313941570074,0.10943827956588716,0.00846190474129475,0.5628302080727475,-0.4081622920525578,1.0,0.5791174377733944,0.30967533326827373,0.2500708256445885,-0.049885462229490626,0.1455274353540231,0.38602145884085104,0.27934240342469063,-0.0015442571529481958,-0.1894194148493998,0.18699888073843624,0.2053569967247769,-0.034699915359209375,0.44979555037840807,0.24562263673288592,-0.0871427887759922,-0.1627760926492129,0.09306631212890225,0.1493487579593124,0.8193881718811338,0.5350791726999431,0.47607356518079136,0.21252873991883675,0.18431480503690598,-0.39727705423065124,0.026649013126547983,-0.04892891581767378,0.005739395448296198,-0.031762457454070525,0.002707404855114041,0.007171124924134147
YearRemodAdd,-0.022538636468742435,0.06090721491357715,0.07504556540962114,0.013406541877741214,0.550709703463525,0.05827334496318971,0.5791174377733944,1.0,0.17178761594460232,0.12049053464365396,-0.06897292517012472,0.17507500031247267,0.2742425628086242,0.2324690471302556,0.1417794419146304,-0.04713231432525606,0.28373496488959293,0.13169144559866505,-0.021277376538355746,0.43097519333284523,0.18391275823139255,-0.060777945920202796,-0.12852755227126839,0.1963150193556411,0.10944266815907797,0.6486111451778899,0.4279929336467891,0.3818144188515385,0.2099762979835773,0.22067876669397432,-0.19123683764715105,0.034216782245960156,-0.0432145920598422,0.0062936814730630035,-0.0015328006103105052,0.021074712808667396,0.060139463215593936
MasVnrArea,-0.07110546257731835,0.025475481088253482,0.1798125350348591,0.10687368676401952,0.4035053939545227,-0.13745250624142896,0.30967533326827373,0.17178761594460232,1.0,0.2658351096516733,-0.06565247837604757,0.11052814145671008,0.3617394833421257,0.33897161282971183,0.16380436564150977,-0.0709358731269093,0.3768462279899269,0.08225709923309876,0.04730854745337415,0.2749305258062862,0.19429128868187728,0.08698321082456226,-0.025080270195674315,0.27361919322003103,0.24962250722957327,0.24870484908553925,0.35597958124753015,0.3701666070343035,0.1367244584818633,0.11518044105283401,-0.11339165897615784,0.016759281812874217,0.07213949824071951,0.013083144214284427,-0.03502537467463856,-0.019135468356156614,-0.01145147595916691
BsmtFinSF1,-0.02015242754695503,-0.07604583515845219,0.23691939932966324,0.21296381093013317,0.25001853559017106,-0.04549972906350683,0.2500708256445885,0.12049053464365396,0.2658351096516733,1.0,-0.04747941358705609,-0.49294031767526614,0.5267892630997913,0.445659375926549,-0.1301530765226272,-0.05846119684761316,0.2164525216263039,0.6538109073761665,0.06414354078416255,0.04782511297700124,0.004634001176983564,-0.12445836649150954,-0.0859595483402934,0.05303170037602483,0.26660279139735565,0.15436105616761117,0.22439801288265826,0.3098458139976353,0.1935787556277254,0.1007342644809724,-0.10835754645533217,0.029398799764884746,0.07256596579579327,0.15466999791294483,0.005416979703198657,-0.024797110982899995,0.033865105711950276
BsmtFinSF2,-0.02160232661104801,-0.08182143367642154,0.06705763552229699,0.12068159477494328,-0.05980952376802053,0.03955698049103488,-0.049885462229490626,-0.06897292517012472,-0.06565247837604757,-0.04747941358705609,1.0,-0.20284485132374466,0.11532234065638562,0.10957759440502352,-0.09239547742575714,0.022083467402162747,0.007018225470873878,0.1791224644276137,0.06010689408488259,-0.06992829508361215,-0.02637728980396236,0.010482142700583782,-0.03766532859202618,-0.011515132503664052,0.07792737764870827,-0.08917909922749172,-0.027078916992797415,-0.008472808161921344,0.049880414592345754,0.028755430134213875,0.029358918310946353,-0.029014349210113026,0.08242790174463331,0.04533300237936526,0.007803133324258728,-0.020433015005385864,0.03524933363535378
BsmtUnfSF,0.005488343874856005,-0.12773493958386498,0.12911650523484025,9.772384233185024e-05,0.2929905089030959,-0.1538366065351686,0.1455274353540231,0.17507500031247267,0.11052814145671008,-0.49294031767526614,-0.20284485132374466,1.0,0.41273075590836955,0.3221695714445665,-0.004045514282181039,0.019994222007095275,0.23641655628138375,-0.4215276561673801,-0.08327995430204643,0.3054753156365178,-0.04640439944429121,0.16646396890234094,0.05374504621461606,0.24589549698087518,0.05427234092009531,0.19854328043982974,0.20821473661572576,0.17213804286563603,0.004059855814904742,0.13143034857954874,-0.014483125517564848,0.03170157669364394,-0.007086834475852939,-0.03966688569869078,-0.01566599392517567,0.04768895101995349,-0.04805612876276937
TotalBsmtSF,-0.023330169119453445,-0.23628356733217853,0.39526247769983897,0.26503613549667265,0.5294802626304431,-0.1861429405253176,0.38602145884085104,0.2742425628086242,0.3617394833421257,0.5267892630997913,0.11532234065638562,0.41273075590836955,1.0,0.8234600669585523,-0.17279458118303248,-0.032517190503492305,0.4627678590861172,0.32250767459160057,0.005410173227628706,0.3287293419719045,-0.05118471698343998,0.041008106627776195,-0.04925263499174357,0.2961028063565293,0.35898569812207726,0.32772088761317253,0.430346031599727,0.48970627977917125,0.22292515413008893,0.24607953400832022,-0.11595136289037732,0.0514494809166133,0.09836089795268478,0.1373071600487569,-0.007157310893085319,0.014398742407940694,6.703566142174204e-05
1stFlrSF,0.009984859833558062,-0.2453404766700747,0.4638216279305909,0.2942550480988217,0.47350261397430116,-0.1677414857977785,0.27934240342469063,0.2324690471302556,0.33897161282971183,0.445659375926549,0.10957759440502352,0.3221695714445665,0.8234600669585523,1.0,-0.19731736850705991,-0.01289003573860566,0.5747983695723363,0.2683944837366256,0.003206480185686009,0.3893551974041261,-0.12472262161666597,0.1357388155131334,0.09768379894562722,0.42950247047709794,0.42635779802624396,0.23547755635977774,0.43418633256183164,0.4908346091817698,0.228763876443922,0.20957799980970368,-0.07501414935649107,0.07024100917588078,0.09152652720652195,0.14373922546032783,-0.013212823845658644,0.027851827142949134,0.009954322904597938
2ndFlrSF,0.013087385918357845,0.3137975786306204,0.06322216428719118,0.05123718925721641,0.2918719633505378,0.04541212211412145,-0.0015442571529481958,0.1417794419146304,0.16380436564150977,-0.1301530765226272,-0.09239547742575714,-0.004045514282181039,-0.17279458118303248,-0.19731736850705991,1.0,0.07198059566837166,0.6834137596141955,-0.17278506286734777,-0.026349195810162183,0.4234115577194974,0.6032402196075589,0.5014555524689828,0.04968907656912472,0.6075133014359645,0.19832447464116015,0.06664619076230685,0.1778528562349425,0.13695484258040294,0.10773825114662633,0.20523166685880492,0.0831170825567302,-0.049222702243268364,0.02930344118162818,0.09131293292263508,0.018301056958421436,0.02511120228439657,-0.04549927179357939
LowQualFinSF,-0.04912644806541633,0.054783732792734435,0.05688507769784927,0.0077541263834721786,-0.02467203310983214,0.032895679382365976,-0.1894194148493998,-0.04713231432525606,-0.0709358731269093,-0.05846119684761316,0.022083467402162747,0.019994222007095275,-0.032517190503492305,-0.01289003573860566,0.07198059566837166,1.0,0.1444899830718943,-0.054822818529908585,-0.0022256707748981816,0.01275114871025496,-0.0217044082238382,0.10276882262512516,0.012923511882275246,0.13599403682650885,-0.00932904018077086,-0.027944400622658166,-0.09405869126362625,-0.06979432926904999,-0.014901821609601856,0.01116946620705837,0.07932110723671204,-0.014258931237360675,0.03449331865701442,0.06625662909109223,-0.0031902611522842688,-0.007566052563829706,-0.0233382058682761
GrLivArea,0.013474606846902132,0.08209143840032282,0.3965802606681481,0.2601044241011613,0.5872270861076264,-0.08337822690258416,0.18699888073843624,0.28373496488959293,0.3768462279899269,0.2164525216263039,0.007018225470873878,0.23641655628138375,0.4627678590861172,0.5747983695723363,0.6834137596141955,0.1444899830718943,1.0,0.050874035295929015,-0.01950972779448529,0.6368122093503205,0.4018846155426828,0.5222835804691607,0.11419954764881596,0.8295172151241271,0.4769559339458109,0.23031851334886472,0.45786844466500565,0.468361871463287,0.25606487405117945,0.32453772097583267,0.020484681649954845,0.010030667129948887,0.09493674922894434,0.18748346206487326,0.004991163452873333,0.04049265372487819,-0.0322762661339087
BsmtFullBath,-0.037013925587450945,-0.009224019773560417,0.12694952781035507,0.1675791362139928,0.14552708406440598,-0.03718197133100492,0.2053569967247769,0.13169144559866505,0.08225709923309876,0.6538109073761665,0.1791224644276137,-0.4215276561673801,0.32250767459160057,0.2683944837366256,-0.17278506286734777,-0.054822818529908585,0.050874035295929015,1.0,-0.13826714644316968,-0.06511200290153242,-0.024328692396141008,-0.15537511973222148,-0.03707593549056071,-0.0321517984090639,0.16021430208526385,0.1347868955634511,0.16646452984966698,0.21727663313778556,0.1966747746350617,0.06719090584111677,-0.06269128283425354,0.005456281687408145,0.05188351332160226,0.07782140204932243,-0.019695722967028557,-0.01629704797244709,0.06935337841919086
BsmtHalfBath,-0.02507355611155725,-0.008165517062018752,-0.020274481108023983,0.05132672440176098,-0.0395950122562063,0.10504843084196408,-0.034699915359209375,-0.021277376538355746,0.04730854745337415,0.06414354078416255,0.06010689408488259,-0.08327995430204643,0.005410173227628706,0.003206480185686009,-0.026349195810162183,-0.0022256707748981816,-0.01950972779448529,-0.13826714644316968,1.0,-0.06480069624110968,-0.017135790718306735,0.03733518779091444,-0.051259173727910265,-0.034032771056505366,0.03608540094515404,-0.06812681318781795,-0.015594949801689599,-0.02063144583219257,0.01498714833574102,-0.015982758038998377,0.01053452025975566,0.04922628662337709,0.0015170629173726197,0.022352163518517206,-0.004614032729806038,0.02212863532581129,-0.04833229724860875
FullBath,0.01813143391810079,0.1474878055583317,0.17836755599364157,0.13211303488248,0.539853968780325,-0.21244548999318585,0.44979555037840807,0.43097519333284523,0.2749305258062862,0.04782511297700124,-0.06992829508361215,0.3054753156365178,0.3287293419719045,0.3893551974041261,0.4234115577194974,0.01275114871025496,0.6368122093503205,-0.06511200290153242,-0.06480069624110968,1.0,0.13303507146987548,0.3753364496731269,0.1476354345072732,0.5683561948626168,0.2481791369977058,0.47968371145397726,0.471146555216477,0.4152907349024161,0.16678027525354264,0.252136482525484,-0.08884030653907099,0.02084552155776705,-0.0210858213120721,0.05536707520965647,-0.01797286996832533,0.04293536615589592,-0.01064951138771557
HalfBath,0.015117198154508633,0.19493364589151413,0.027950437817433536,0.006150457328027845,0.27423137046122853,-0.05215855682198595,0.24562263673288592,0.18391275823139255,0.19429128868187728,0.004634001176983564,-0.02637728980396236,-0.04640439944429121,-0.05118471698343998,-0.12472262161666597,0.6032402196075589,-0.0217044082238382,0.4018846155426828,-0.024328692396141008,-0.017135790718306735,0.13303507146987548,1.0,0.2165056325095714,-0.06868815431128338,0.32775340070284453,0.20962883240772606,0.20034286143092936,0.22197728401206177,0.16353851020981686,0.11386034944335308,0.2169052002736063,-0.10495167200602282,-0.028904321616580242,0.05972713620198548,0.02559634484311614,0.009422421885639373,-0.008753048585321097,-0.024983709122487385
BedroomAbvGr,0.05544114637867295,-0.023899081591039747,0.26406842639385375,0.12020233100303943,0.05866228926094486,0.011151580239616451,-0.0871427887759922,-0.060777945920202796,0.08698321082456226,-0.12445836649150954,0.010482142700583782,0.16646396890234094,0.041008106627776195,0.1357388155131334,0.5014555524689828,0.10276882262512516,0.5222835804691607,-0.15537511973222148,0.03733518779091444,0.3753364496731269,0.2165056325095714,1.0,0.24977877553419556,0.6778918471691735,0.08779943960795897,-0.07720712273600412,0.07505566020367758,0.05251050016599792,0.04631905122216052,0.0879688429734808,0.052475104987424116,-0.03435646092611396,0.031919966781777095,0.07746842024058549,0.005634419896611946,0.041365523523805445,-0.027408178031174592
KitchenAbvGr,-0.0022081105371968206,0.2824812925990053,0.003166216671694549,-0.009298309044234562,-0.1836876605447861,-0.06880692447285498,-0.1627760926492129,-0.12852755227126839,-0.025080270195674315,-0.0859595483402934,-0.03766532859202618,0.05374504621461606,-0.04925263499174357,0.09768379894562722,0.04968907656912472,0.012923511882275246,0.11419954764881596,-0.03707593549056071,-0.051259173727910265,0.1476354345072732,-0.06868815431128338,0.24977877553419556,1.0,0.2660380362974944,-0.11959334325049675,-0.09365972820290921,-0.041975641274262836,-0.048110039223414086,-0.08798905445518693,-0.07030059119138743,0.04707969161946683,-0.024392949634286714,-0.058468752879523106,-0.016465643223822643,0.049637246788475906,0.015238842153156257,0.034398263653074815
TotRmsAbvGrd,0.03921300058378806,0.04528395718196167,0.3472138033519728,0.18943036348407635,0.4187685232918885,-0.05640685936322918,0.09306631212890225,0.1963150193556411,0.27361919322003103,0.05303170037602483,-0.011515132503664052,0.24589549698087518,0.2961028063565293,0.42950247047709794,0.6075133014359645,0.13599403682650885,0.8295172151241271,-0.0321517984090639,-0.034032771056505366,0.5683561948626168,0.32775340070284453,0.6778918471691735,0.2660380362974944,1.0,0.33715636145838807,0.15675524244933417,0.3627799027108631,0.342971697548515,0.1760549962093425,0.2294113597530657,0.021444993538357986,-0.016187175382440848,0.04945647797780262,0.09074415113087297,0.028346438530413014,0.024743703775472706,-0.02416327563965894
Fireplaces,-0.029269987883157586,-0.04490614036078853,0.2600130435283713,0.2744749237863154,0.41489763657176654,-0.0255886975898445,0.1493487579593124,0.10944266815907797,0.24962250722957327,0.26660279139735565,0.07792737764870827,0.05427234092009531,0.35898569812207726,0.42635779802624396,0.19832447464116015,-0.00932904018077086,0.4769559339458109,0.16021430208526385,0.03608540094515404,0.2481791369977058,0.20962883240772606,0.08779943960795897,-0.11959334325049675,0.33715636145838807,1.0,0.050554988917272385,0.30667290184437357,0.27750133998596466,0.20822230942505318,0.20268220636939893,-0.03226080320205353,0.012710517227773721,0.18740992934898726,0.10460748348070002,0.009548821514265749,0.026081778087324255,-0.011290513955745035
GarageYrBlt,-0.0034432429387812047,0.10389414663901013,0.06581396572990633,-0.031387425428304715,0.5508280150913963,-0.3284846420005412,0.8193881718811338,0.6486111451778899,0.24870484908553925,0.15436105616761117,-0.08917909922749172,0.19854328043982974,0.32772088761317253,0.23547755635977774,0.06664619076230685,-0.027944400622658166,0.23031851334886472,0.1347868955634511,-0.06812681318781795,0.47968371145397726,0.20034286143092936,-0.07720712273600412,-0.09365972820290921,0.15675524244933417,0.050554988917272385,1.0,0.5942670687106235,0.5733792077781469,0.22215250052217944,0.21263068300794855,-0.29062608231666887,0.021733838188251975,-0.0731820257728507,-0.016759201666029185,-0.03974859414523872,0.004087076756108117,0.01592763580145419
GarageCars,0.0023988324905479604,-0.035043021987519456,0.26714941142526977,0.14195050309440602,0.6072019899917169,-0.19844069506418135,0.5350791726999431,0.4279929336467891,0.35597958124753015,0.22439801288265826,-0.027078916992797415,0.20821473661572576,0.430346031599727,0.43418633256183164,0.1778528562349425,-0.09405869126362625,0.45786844466500565,0.16646452984966698,-0.015594949801689599,0.471146555216477,0.22197728401206177,0.07505566020367758,-0.041975641274262836,0.3627799027108631,0.30667290184437357,0.5942670687106235,1.0,0.8790522011049868,0.22272396253982146,0.21300974368640505,-0.14832544821189392,0.040224355733461115,0.05051402565479144,0.023453286750232876,-0.034535680243667446,0.027079577885106145,-0.02070641886445129
GarageArea,-0.0026868637043835335,-0.10466632558226063,0.33239654124628953,0.16626218136350648,0.5740930240630947,-0.16285045359988093,0.47607356518079136,0.3818144188515385,0.3701666070343035,0.3098458139976353,-0.008472808161921344,0.17213804286563603,0.48970627977917125,0.4908346091817698,0.13695484258040294,-0.06979432926904999,0.468361871463287,0.21727663313778556,-0.02063144583219257,0.4152907349024161,0.16353851020981686,0.05251050016599792,-0.048110039223414086,0.342971697548515,0.27750133998596466,0.5733792077781469,0.8790522011049868,1.0,0.21746246655199586,0.24462995359193349,-0.11855623154154853,0.044722461765315996,0.05675700319193059,0.06737808000976772,-0.021082561866256327,0.011209462157720002,-0.007546562632445759
WoodDeckSF,-0.042866831956717574,-0.012814445590253196,0.09334111327713636,0.17115372078161756,0.24691571417724584,0.0049649670484487205,0.21252873991883675,0.2099762979835773,0.1367244584818633,0.1935787556277254,0.049880414592345754,0.004059855814904742,0.22292515413008893,0.228763876443922,0.10773825114662633,-0.014901821609601856,0.25606487405117945,0.1966747746350617,0.01498714833574102,0.16678027525354264,0.11386034944335308,0.04631905122216052,-0.08798905445518693,0.1760549962093425,0.20822230942505318,0.22215250052217944,0.22272396253982146,0.21746246655199586,1.0,0.07175319329867381,-0.1155315530592696,-0.0494861529649473,-0.07885733507851923,0.08359407607449344,-0.004513010915949942,0.010540354663604054,0.03187747555045097
OpenPorchSF,0.012769256905381918,-0.0016442534929083624,0.12934722498990592,0.07429931744816161,0.3258883022899965,-0.013251554928770384,0.18431480503690598,0.22067876669397432,0.11518044105283401,0.1007342644809724,0.028755430134213875,0.13143034857954874,0.24607953400832022,0.20957799980970368,0.20523166685880492,0.01116946620705837,0.32453772097583267,0.06719090584111677,-0.015982758038998377,0.252136482525484,0.2169052002736063,0.0879688429734808,-0.07030059119138743,0.2294113597530657,0.20268220636939893,0.21263068300794855,0.21300974368640505,0.24462995359193349,0.07175319329867381,1.0,-0.09709979903703742,-0.007952332418793421,0.09724579207825665,0.06884715768838791,-0.01219470679141743,0.06454250482322654,-0.05543813301920909
EnclosedPorch,-0.02340572052351538,0.007107251534259168,0.014767473685901382,-0.013684324963710522,-0.12437147659360932,0.07005236718059889,-0.39727705423065124,-0.19123683764715105,-0.11339165897615784,-0.10835754645533217,0.029358918310946353,-0.014483125517564848,-0.11595136289037732,-0.07501414935649107,0.0831170825567302,0.07932110723671204,0.020484681649954845,-0.06269128283425354,0.01053452025975566,-0.08884030653907099,-0.10495167200602282,0.052475104987424116,0.04707969161946683,0.021444993538357986,-0.03226080320205353,-0.29062608231666887,-0.14832544821189392,-0.11855623154154853,-0.1155315530592696,-0.09709979903703742,1.0,-0.03523795061824243,-0.0820663670986661,0.05973632893500095,0.018794775135959143,-0.005475029648587389,-0.030353809070903338
3SsnPorch,-0.04002090819801472,-0.049995015121114136,0.07749091769309477,0.01741058088666138,0.02557273050037981,0.005167708801353741,0.026649013126547983,0.034216782245960156,0.016759281812874217,0.029398799764884746,-0.029014349210113026,0.03170157669364394,0.0514494809166133,0.07024100917588078,-0.049222702243268364,-0.014258931237360675,0.010030667129948887,0.005456281687408145,0.04922628662337709,0.02084552155776705,-0.028904321616580242,-0.03435646092611396,-0.024392949634286714,-0.016187175382440848,0.012710517227773721,0.021733838188251975,0.040224355733461115,0.044722461765315996,-0.0494861529649473,-0.007952332418793421,-0.03523795061824243,1.0,-0.031064366694649136,-0.008748173234035582,0.0021105196919171602,0.037369120783587395,0.000495175475352169
ScreenPorch,0.006626198250635113,-0.033950103488474326,0.021083051365312726,0.04199676638712406,0.07082879492264844,0.05811744826870702,-0.04892891581767378,-0.0432145920598422,0.07213949824071951,0.07256596579579327,0.08242790174463331,-0.007086834475852939,0.09836089795268478,0.09152652720652195,0.02930344118162818,0.03449331865701442,0.09493674922894434,0.05188351332160226,0.0015170629173726197,-0.0210858213120721,0.05972713620198548,0.031919966781777095,-0.058468752879523106,0.04945647797780262,0.18740992934898726,-0.0731820257728507,0.05051402565479144,0.05675700319193059,-0.07885733507851923,0.09724579207825665,-0.0820663670986661,-0.031064366694649136,1.0,0.054215907172102396,0.038270379828730716,0.02431410634309141,0.019062320732238007
PoolArea,0.06199452695760631,0.009411335999319528,0.22346823092370638,0.08025364175182084,0.07152149562979115,-0.003666671548543887,0.005739395448296198,0.0062936814730630035,0.013083144214284427,0.15466999791294483,0.04533300237936526,-0.03966688569869078,0.1373071600487569,0.14373922546032783,0.09131293292263508,0.06625662909109223,0.18748346206487326,0.07782140204932243,0.022352163518517206,0.05536707520965647,0.02559634484311614,0.07746842024058549,-0.016465643223822643,0.09074415113087297,0.10460748348070002,-0.016759201666029185,0.023453286750232876,0.06737808000976772,0.08359407607449344,0.06884715768838791,0.05973632893500095,-0.008748173234035582,0.054215907172102396,1.0,0.030163181104217625,-0.03738553626330191,-0.06571020360160551
MiscVal,-0.0035237631553040735,-0.02002440256268079,0.004097841552038419,0.043016590054123754,-0.03174830814894508,0.07412156675123142,-0.031762457454070525,-0.0015328006103105052,-0.03502537467463856,0.005416979703198657,0.007803133324258728,-0.01566599392517567,-0.007157310893085319,-0.013212823845658644,0.018301056958421436,-0.0031902611522842688,0.004991163452873333,-0.019695722967028557,-0.004614032729806038,-0.01797286996832533,0.009422421885639373,0.005634419896611946,0.049637246788475906,0.028346438530413014,0.009548821514265749,-0.03974859414523872,-0.034535680243667446,-0.021082561866256327,-0.004513010915949942,-0.01219470679141743,0.018794775135959143,0.0021105196919171602,0.038270379828730716,0.030163181104217625,1.0,-0.006641702412864959,-0.009321655400586997
MoSold,0.03048185442861907,-0.006949688788138979,0.006502239732866444,0.006410777086423395,0.07034734469719056,-0.014942648902686904,0.002707404855114041,0.021074712808667396,-0.019135468356156614,-0.024797110982899995,-0.020433015005385864,0.04768895101995349,0.014398742407940694,0.027851827142949134,0.02511120228439657,-0.007566052563829706,0.04049265372487819,-0.01629704797244709,0.02212863532581129,0.04293536615589592,-0.008753048585321097,0.041365523523805445,0.015238842153156257,0.024743703775472706,0.026081778087324255,0.004087076756108117,0.027079577885106145,0.011209462157720002,0.010540354663604054,0.06454250482322654,-0.005475029648587389,0.037369120783587395,0.02431410634309141,-0.03738553626330191,-0.006641702412864959,1.0,-0.12992949885651597
YrSold,-0.012303208401186401,-0.02839643655484547,0.02682984814243315,-0.014759992807579628,-0.012424440987563035,0.05177282889454519,0.007171124924134147,0.060139463215593936,-0.01145147595916691,0.033865105711950276,0.03524933363535378,-0.04805612876276937,6.703566142174204e-05,0.009954322904597938,-0.04549927179357939,-0.0233382058682761,-0.0322762661339087,0.06935337841919086,-0.04833229724860875,-0.01064951138771557,-0.024983709122487385,-0.027408178031174592,0.034398263653074815,-0.02416327563965894,-0.011290513955745035,0.01592763580145419,-0.02070641886445129,-0.007546562632445759,0.03187747555045097,-0.05543813301920909,-0.030353809070903338,0.000495175475352169,0.019062320732238007,-0.06571020360160551,-0.009321655400586997,-0.12992949885651597,1.0
